Unknown 0.125
0 0.125
G4 0.125
0 0.125
A4 0.250
0 0.250
A4 0.125
0 0.125
0 0.125
0 0.125
A4 0.125
0 0.125
B4 0.125
0 0.125
C5 0.250
0 0.250
C5 0.125
0 0.125
0 0.125
0 0.125
C5 0.125
0 0.125
D5 0.125
0 0.125
B4 0.250
0 0.250
B4 0.125
0 0.125
0 0.125
0 0.125
A4 0.125
0 0.125
G4 0.125
0 0.125
A4 0.375
0 0.375
0 0.125
0 0.125
E4 0.125
0 0.125
G4 0.125
0 0.125
A4 0.250
0 0.250
A4 0.125
0 0.125
0 0.125
0 0.125
A4 0.125
0 0.125
B4 0.125
0 0.125
C5 0.250
0 0.250
C5 0.125
0 0.125
0 0.125
0 0.125
C5 0.125
0 0.125
D5 0.125
0 0.125
B4 0.250
0 0.250
B4 0.125
0 0.125
0 0.125
0 0.125
A4 0.125
0 0.125
G4 0.125
0 0.125
A4 0.375
0 0.375
0 0.125
0 0.125
E4 0.125
0 0.125
G4 0.125
0 0.125
A4 0.250
0 0.250
A4 0.125
0 0.125
0 0.125
0 0.125
A4 0.125
0 0.125
C5 0.125
0 0.125
D5 0.250
0 0.250
D5 0.125
0 0.125
0 0.125
0 0.125
D5 0.125
0 0.125
E5 0.125
0 0.125
F5 0.250
0 0.250
F5 0.125
0 0.125
0 0.125
0 0.125
E5 0.125
0 0.125
D5 0.125
0 0.125
E5 0.125
0 0.125
A4 0.250
0 0.250
0 0.125
0 0.125
A4 0.125
0 0.125
B4 0.125
0 0.125
C5 0.250
0 0.250
C5 0.125
0 0.125
0 0.125
0 0.125
D5 0.250
0 0.250
E5 0.125
0 0.125
A4 0.250
0 0.250
0 0.125
0 0.125
A4 0.125
0 0.125
C5 0.125
0 0.125
B4 0.250
0 0.250
B4 0.125
0 0.125
0 0.125
0 0.125
C5 0.125
0 0.125
A4 0.125
0 0.125
B4 0.375
0 0.375
0 0.375
0 0.375
A4 0.250
0 0.250
A4 0.125
0 0.125
A4 0.125
0 0.125
B4 0.125
0 0.125
C5 0.250
0 0.250
C5 0.125
0 0.125
0 0.125
0 0.125
C5 0.125
0 0.125
D5 0.125
0 0.125
B4 0.250
0 0.250
B4 0.125
0 0.125
0 0.125
0 0.125
A4 0.125
0 0.125
G4 0.125
0 0.125
A4 0.375
0 0.375
0 0.125
0 0.125
E4 0.125
0 0.125
G4 0.125
0 0.125
A4 0.250
0 0.250
A4 0.125
0 0.125
0 0.125
0 0.125
A4 0.125
0 0.125
B4 0.125
0 0.125
C5 0.250
0 0.250
C5 0.125
0 0.125
0 0.125
0 0.125
C5 0.125
0 0.125
D5 0.125
0 0.125
B4 0.250
0 0.250
B4 0.125
0 0.125
0 0.125
0 0.125
A4 0.125
0 0.125
G4 0.125
0 0.125
A4 0.375
0 0.375
0 0.125
0 0.125
E4 0.125
0 0.125
G4 0.125
0 0.125
A4 0.250
0 0.250
A4 0.125
0 0.125
0 0.125
0 0.125
A4 0.125
0 0.125
C5 0.125
0 0.125
D5 0.250
0 0.250
D5 0.125
0 0.125
0 0.125
0 0.125
D5 0.125
0 0.125
E5 0.125
0 0.125
F5 0.250
0 0.250
F5 0.125
0 0.125
0 0.125
0 0.125
E5 0.125
0 0.125
D5 0.125
0 0.125
E5 0.125
0 0.125
A4 0.250
0 0.250
0 0.125
0 0.125
A4 0.125
0 0.125
B4 0.125
0 0.125
C5 0.250
0 0.250
C5 0.125
0 0.125
0 0.125
0 0.125
D5 0.250
0 0.250
E5 0.125
0 0.125
A4 0.250
0 0.250
0 0.125
0 0.125
A4 0.125
0 0.125
C5 0.125
0 0.125
B4 0.250
0 0.250
B4 0.125
0 0.125
0 0.125
0 0.125
C5 0.125
0 0.125
A4 0.125
0 0.125
B4 0.375
0 0.375
0 0.375
0 0.375
E5 0.250
0 0.250
0 0.125
0 0.125
0 0.375
0 0.375
F5 0.250
0 0.250
0 0.125
0 0.125
0 0.375
0 0.375
E5 0.125
0 0.125
E5 0.125
0 0.125
0 0.125
0 0.125
G5 0.125
0 0.125
0 0.125
0 0.125
E5 0.125
0 0.125
D5 0.125
0 0.125
0 0.125
0 0.125
0 0.375
0 0.375
D5 0.250
0 0.250
0 0.125
0 0.125
0 0.375
0 0.375
C5 0.250
0 0.250
0 0.125
0 0.125
0 0.375
0 0.375
B4 0.125
0 0.125
C5 0.125
0 0.125
0 0.125
0 0.125
B4 0.125
0 0.125
0 0.125
0 0.125
A4 0.500
0 0.500
E5 0.250
0 0.250
0 0.125
0 0.125
0 0.375
0 0.375
F5 0.250
0 0.250
0 0.125
0 0.125
0 0.375
0 0.375
E5 0.125
0 0.125
E5 0.125
0 0.125
0 0.125
0 0.125
G5 0.125
0 0.125
0 0.125
0 0.125
E5 0.125
0 0.125
D5 0.125
0 0.125
0 0.125
0 0.125
0 0.375
0 0.375
D5 0.250
0 0.250
0 0.125
0 0.125
0 0.375
0 0.375
C5 0.250
0 0.250
0 0.125
0 0.125
0 0.375
0 0.375
B4 0.125
0 0.125
C5 0.125
0 0.125
0 0.125
0 0.125
B4 0.125
0 0.125
0 0.125
0 0.125
A4 0.500
0 0.500
0 0.000
